0001
0002
0004
0005
0006
0007
0008
0010
0011
0013
0016
0017
0018
0019
0021
0023
0024
0026
0027
0028
0029
0030
0032
0038
0039
0040
0042
0045
0046
0049
0050
0052
0053
0056
0058
0059
0060
0061
0063
0064
0065
0070
0071
0072
0074
0075
0079
0081
0084
0085
0087
0089
0091
0092
0093
0094
0095
0096
0097
0100
0101
0102
0103
0106
0107
0110
0112
0114
0116
0117
0118
0120
0121
0122
0123
0124
0125
0126
0127
0128
0129
0130
0132
0133
0135
0136
0137
0138
0140
0141
0142
0143
0144
0145
0146
0148
0149
0150
0154
0156
0157
0158
0159
0161
0162
0163
0165
0166
0168
0169
0171
0173
0174
0176
0177
0180
0181
0182
0183
0184
0186
0187
0195
0196
0202
0207
0208
0210
0211
0212
0213
0214
0215
0218
0221
0222
0223
0224
0227
0228
0230
0232
0233
0234
0235
0236
0238
0239
0240
0241
0243
0246
0249
0250
0251
0252
0259
0261
0262
0264
0265
0267
0268
0270
0271
0272
0275
0276
0277
0279
0280
0281
0282
0283
0285
0288
0290
0292
0293
0294
0295
0297
0298
0299
0301
0304
0305
0307
0308
0309
0310
0311
0313
0319
0321
0322
0324
0325
0326
0327
0328
0329
0330
0332
0340
0341
0342
0343
0344
0346
0347
0350
0351
0358
0361
0363
0365
0370
0372
0373
0374
0377
0378
0380
0382
0383
0384
0385
0389
0390
0391
0392
0396
0398
0399
0400
0406
0407
0408
0415
0416
0417
0418
0419
0420
0423
0430
0444