0026
0004
0010
0005
0002
0006
0003
0007
0052
0008
0029
0009
0164
0013
0011
0016
0107
0017
0227
0044
0046
0045
0234
0079
0080
0082
0047
0087
0015
0091
0165
0096
0086
0101
0206
0105
0291
0111
0305
0114
0100
0136
0123
0180
0089
0187
0094
0221
0192
0224
0241
0231
0321
0235
0140
0236
0233
0239
0329
0245
0244
0252
0327
0281
0293
0296
0310
0297
0133
0304
0220
0306
0135
0307
0309
0308
0157
0312
0315
0319
0189
0325
0110
0001
0078
0012
0023
0019
0069
0030
0118
0060
0051
0065
0139
0068
0178
0070
0246
0071
0142
0073
0132
0074
0022
0075
0126
0085
0021
0092
0141
0093
0149
0095
0025
0106
0099
0117
0279
0137
0113
0138
0024
0143
0255
0145
0214
0148
0215
0156
0059
0163
0253
0172
0162
0179
0261
0184
0166
0219
0057
0223
0183
0228
0181
0232
0300
0249
0115
0251
0287
0276
0218
0288
0294
0289
0311
0290
0018
0243
0027
0098
0028
0124
0035
0031
0042
0033
0053
0176
0056
0337
0058
0129
0063
0064
0081
0072
0097
0066
0102
0150
0103
0182
0120
0032
0122
0155
0125
0050
0127
0160
0144
0159
0146
0147
0154
0128
0171
0038
0174
0040
0177
0263
0212
0299
0238
0170
0240
0039
0264
0168
0265
0292
0295
0198
0328
0301
0342
0161
0344
0088
0130
0393
0158
0282
0193
0151
0210
0205
0211
0408
0259
0196
0262
0204
0270
0197
0272
0339
0275
0369
0283
0335
0317
0370
0324
0278
0340
0285
0346
0303
0352
0392
0358
0274
0363
0350
0365
0200
0366
0173
0368
0326
0372
0199
0373
0186
0380
0332
0382
0266
0386
0271
0389
0034
0390
0338
0391
0351
0396
0286
0397
0381
0400
0201
0406
0343
0407
0371
0410
0431
0412
0320
0415
0355
0419
0377
0423
0359
0428
0356
0432
0447
0442
0331
0444
0437
0449
0273
0452
0222
0454
0383
